[app/ui]
version = 6.3.3
modtime = 1455443203.835569000

[app/launcher]
version = 6.3.3
modtime = 1455443203.836907000
